(\((.+?),(.+?),(.+?)\)(,|\s))
{x: $2, y:$3, z:$4} //OAT/PA only
{x: $3, y:$2, z:$4},
https://regex101.com/r/aQdyYY/1

Accelerate Stop Flaps Up Dry

OAT, PA
(-42.5, 14000, 6000), (-2.5, 14000, 7600), (24, 14000, 9700)
(-39, 12000, 5500), (8, 12000, 7100), (28, 12000, 8600)
(-35, 10000, 5100), (15, 10000, 6500), (32, 10000, 7700)
(-31, 8000, 4700), (22, 8000, 6100), (36, 8000, 6900)
(-27, 6000, 4300), (28, 6000, 5700), (40, 6000, 6300)
(-23, 4000, 4100), (34, 4000, 5300), (44, 4000, 5700)
(-19, 2000, 3800), (40, 2000, 4900), (47, 2000, 5300)
(-15, 0, 3500), (45, 0, 4600), (52, 0, 4800)
(-13, -1000, 3400), (48, -1000, 4400), (54, -1000, 4600)

Weight
(10000, 12500, 10000), (10000, 12300, 9800), (10000, 9000, 7900)
(9000, 12500, 9000), (9000, 12300, 8800), (9000, 9000, 7200)
(8000, 12500, 7800), (8000, 12300, 7800), (8000, 9000, 6600)
(7000, 12500, 7000), (7000, 12300, 6800), (7000, 9000, 5800)
(6000, 12500, 6000), (6000, 12300, 5800), (6000, 9000, 5100)
(5000, 12500, 5000), (5000, 12350, 4900), (5000, 9000, 4300)
(4000, 12500, 4000), (4000, 12350, 3900), (4000, 9000, 3500)
(3000, 12500, 3000), (3000, 12400, 2900), (3000, 9000, 2700)

Slope
(2000, -2, 2100), (2000, 0, 2000), (2000, 2, 1800)
(3000, -2, 3100), (3000, 0, 3000), (3000, 2, 2900)
(4000, -2, 4100), (4000, 0, 4000), (4000, 2, 4000)
(5000, -2, 5100), (5000, 0, 5000), (5000, 2, 5100)
(6000, -2, 6075), (6000, 0, 6000), (6000, 2, 6150)
(7000, -2, 7000), (7000, 0, 7000), (7000, 2, 7300)
(8000, -2, 7750), (8000, 0, 8000), (8000, 2, 8400)
(9000, -2, 8650), (9000, 0, 9000), (9000, 2, 9600)
(10000, -2, 9400), (10000, 0, 10000), (10000, 2, 10800)

Wind
(2000, -10, 2700), (2000, 0, 2000), (2000, 30, 1400)
(3000, -10, 3900), (3000, 0, 3000), (3000, 30, 2200)
(4000, -10, 5200), (4000, 0, 4000), (4000, 30, 3100)
(5000, -10, 6300), (5000, 0, 5000), (5000, 30, 3900)
(6000, -10, 7500), (6000, 0, 6000), (6000, 30, 4750)
(7000, -10, 8700), (7000, 0, 7000), (7000, 30, 5600)
(8000, -10, 9800), (8000, 0, 8000), (8000, 30, 6450)
(9000, -10, 10950), (9000, 0, 9000), (9000, 30, 7250)
(10000, -10, 12100), (10000, 0, 10000), (10000, 30, 8050)
(11000, -10, 13200), (11000, 0, 11000), (11000, 30, 8850)

V1/VR
(2000, 1, 2000), (2000, 0.85, 1400)
(3000, 1, 3000), (3000, 0.85, 2200)
(4000, 1, 4000), (4000, 0.85, 3050)
(5000, 1, 5000), (5000, 0.85, 3775)
(6000, 1, 6000), (6000, 0.85, 4500)
(7000, 1, 7000), (7000, 0.85, 5200)
(8000, 1, 8000), (8000, 0.85, 5950)
(9000, 1, 9000), (9000, 0.85, 6700)
(10000, 1, 10000), (10000, 0.85, 7300)
(11000, 1, 11000), (11000, 0.85, 7950)
(12000, 1, 12000), (12000, 0.85, 8600)
(13000, 1, 13000), (13000, 0.85, 9200)


Accelerate Stop Flaps Up Wet

OAT, PA
(-42.5, 14000, 8750), (-2.5, 14000, 10800), (22, 14000, 13700)
(-39, 12000, 7950), (5, 12000, 10200), (27, 12000, 12200)
(-35, 10000, 7400), (14, 10000, 9400), (32, 10000, 10950)
(-31, 8000, 6900), (21, 8000, 8800), (36, 8000, 10000)
(-27, 6000, 6400), (28, 6000, 8200), (40, 6000, 9000)
(-23, 4000, 6000), (34, 4000, 7650), (44, 4000, 8250)
(-19, 2000, 5600), (40, 2000, 7200), (47, 2000, 7600)
(-15, 0, 5200), (45, 0, 6750), (52, 0, 7050)
(-13, -1000, 5050), (48, -1000, 6500), (54, -1000, 6600)

Weight
(13000, 12500, 13000), (13000, 12300, 12600), (13000, 9000, 10900)
(12000, 12500, 12000), (12000, 12300, 11600), (12000, 9000, 10100)
(11000, 12500, 11000), (11000, 12300, 10700), (11000, 9000, 9350)
(10000, 12500, 10000), (10000, 12300, 9750), (10000, 9000, 8600)
(9000, 12500, 9000), (9000, 12350, 8800), (9000, 9000, 7800)
(8000, 12500, 8000), (8000, 12350, 7800), (8000, 9000, 7000)
(7000, 12500, 7000), (7000, 12400, 6800), (7000, 9000, 6200)
(6000, 12500, 6000), (6000, 12400, 5800), (6000, 9000, 5400)
(5000, 12500, 5000), (5000, 12400, 4850), (5000, 9000, 4500)

Slope
(4000, -2, 4450), (4000, 0, 4000), (4000, 2, 3650)
(5000, -2, 5600), (5000, 0, 5000), (5000, 2, 4650)
(6000, -2, 6700), (6000, 0, 6000), (6000, 2, 5650)
(7000, -2, 7800), (7000, 0, 7000), (7000, 2, 6650)
(8000, -2, 8800), (8000, 0, 8000), (8000, 2, 7650)
(9000, -2, 9900), (9000, 0, 9000), (9000, 2, 8600)
(10000, -2, 10900), (10000, 0, 10000), (10000, 2, 9600)
(11000, -2, 11800), (11000, 0, 11000), (11000, 2, 10600)
(12000, -2, 12700), (12000, 0, 12000), (12000, 2, 11600)
(13000, -2, 13600), (13000, 0, 13000), (13000, 2, 12600)
(14000, 0, 14000), (14000, 2, 13600)

Wind
(4000, -10, 5300), (4000, 0, 4000), (4000, 30, 2900)
(5000, -10, 6600), (5000, 0, 5000), (5000, 30, 3700)
(6000, -10, 7800), (6000, 0, 6000), (6000, 30, 4600)
(7000, -10, 9000), (7000, 0, 7000), (7000, 30, 5400)
(8000, -10, 10150), (8000, 0, 8000), (8000, 30, 6250)
(9000, -10, 11300), (9000, 0, 9000), (9000, 30, 7150)
(10000, -10, 12500), (10000, 0, 10000), (10000, 30, 8000)
(11000, -10, 13600), (11000, 0, 11000), (11000, 30, 8800)
(12000, -7, 14000), (12000, 0, 12000), (12000, 30, 9600)
(13000, -3, 14000), (13000, 0, 13000), (13000, 30, 10400)
(140000, 0, 14000), (14000, 30, 11200)

V1/VR
(3000, 1, 3000), (3000, 0.85, 1950)
(4000, 1, 4000), (4000, 0.85, 2700)
(5000, 1, 5000), (5000, 0.85, 3600)
(6000, 1, 6000), (6000, 0.85, 4550)
(7000, 1, 7000), (7000, 0.85, 5300)
(8000, 1, 8000), (8000, 0.85, 6050)
(9000, 1, 9000), (9000, 0.85, 6800)
(10000, 1, 10000), (10000, 0.85, 7500)
(11000, 1, 11000), (11000, 0.85, 8250)
(12000, 1, 12000), (12000, 0.85, 9000)
(13000, 1, 13000), (13000, 0.85, 9700)
(14000, 1, 14000), (14000, 0.85, 10400)


Accelerate Go Flaps Up < 10K

OAT, PA
(-14, -1000, 3350), (50, -1000, 4800), (54, -1000, 5200)
(-15, 0, 3500), (43, 0, 4900), (52, 0, 5950)
(-19, 2000, 3800), (37, 2000, 5400), (47, 2000, 6800)
(-23, 4000, 4200), (31, 4000, 5900), (44, 4000, 7900)
(-27, 6000, 4600), (25, 6000, 6500), (40, 6000, 9400)
(-31, 8000, 5100), (19, 8000, 7200), (36, 8000, 11600)
(-35, 10000, 5650), (12, 10000, 8000), (32, 10000, 14900)

Weight
(3000, 12500, 3000), (3000, 11300, 2200), (3000, 9000, 1600)
(4000, 12500, 4000), (4000, 11300, 2900), (4000, 9000, 2100)
(5000, 12500, 5000), (5000, 11300, 3600), (5000, 9000, 2600)
(6000, 12500, 6000), (6000, 11300, 4200), (6000, 9000, 3100)
(7000, 12500, 7000), (7000, 11300, 4900), (6000, 9000, 3600)
(8000, 12500, 8000), (8000, 11300, 5600), (6000, 9000, 4000)
(9000, 12500, 9000), (9000, 11300, 6200), (6000, 9000, 4450)
(10000, 12500, 10000), (10000, 11300, 6850), (6000, 9000, 4900)
(11000, 12500, 11000), (11000, 11300, 7400), (6000, 9000, 5300)
(12000, 12500, 12000), (12000, 11300, 8000), (6000, 9000, 5700)
(13000, 12500, 13000), (13000, 11300, 8500), (6000, 9000, 6050)
(14000, 12500, 14000), (14000, 11300, 9000), (6000, 9000, 6350)

Slope
(2000, -2, 1800), (2000, 0, 2000), (2000, 2, 2300)
(3000, -2, 2600), (3000, 0, 3000), (3000, 2, 3750)
(4000, -2, 3400), (4000, 0, 4000), (4000, 2, 5200)
(5000, -2, 4200), (5000, 0, 5000), (5000, 2, 7200)
(6000, -2, 4800), (6000, 0, 6000), (6000, 2, 9500)
(7000, -2, 5500), (7000, 0, 7000), (7000, 2, 13500)
(8000, -2, 6200), (8000, 0, 8000), (8000, 1.5, 14000)
(9000, -2, 6800), (9000, 0, 9000), (9000, 1.25, 14000)
(10000, -2, 7400), (10000, 0, 10000), (10000, 0.85, 14000)
(11000, -2, 7900), (11000, 0, 11000), (11000, 0.6, 14000)
(12000, -2, 8300), (12000, 0, 12000), (12000, 0.4, 14000)
(13000, -2, 8700), (13000, 0, 13000), (13000, 0.2, 14000)
(14000, -2, 9100), (14000, 0, 14000)

Wind
(1000, -10, 1600), (1000, 0, 1000)
(2000, -10, 2500), (2000, 0, 2000), (2000, 30, 1600)
(3000, -10, 3700), (3000, 0, 3000), (3000, 30, 2450)
(4000, -10, 4850), (4000, 0, 4000), (4000, 30, 3300)
(5000, -10, 6000), (5000, 0, 5000), (5000, 30, 4200)
(6000, -10, 7100), (6000, 0, 6000), (6000, 30, 5100)
(7000, -10, 8300), (7000, 0, 7000), (7000, 30, 5900)
(8000, -10, 9400), (8000, 0, 8000), (8000, 30, 6800)
(9000, -10, 10500), (9000, 0, 10000), (10000, 30, 7700)
(10000, -10, 11700), (10000, 0, 10000), (10000, 30, 8600)
(11000, -10, 12800), (11000, 0, 11000), (11000, 30, 9500)
(12000, -10, 13900), (12000, 0, 12000), (12000, 30, 10400)
(13000, -10, 15000), (13000, 0, 13000), (13000, 30, 11200)
(14000, -5, 15000), (14000, 0, 14000), (14000, 30, 12200)

V1/VR
(1000, 1, 1000), (1000, 0.85, 1250)
(2000, 1, 2000), (2000, 0.85, 2900)
(3000, 1, 3000), (3000, 0.85, 4600)
(4000, 1, 4000), (4000, 0.85, 6300)
(5000, 1, 5000), (5000, 0.85, 8200)
(6000, 1, 6000), (6000, 0.85, 10100)
(7000, 1, 7000), (7000, 0.85, 12000)
(8000, 1, 8000), (8000, 0.85, 13900)
(9000, 1, 9000), (9000, 0.875, 15000)
(10000, 1, 10000), (10000, 0.92, 15000)
(11000, 1, 11000), (11000, 0.952, 15000)
(12000, 1, 12000), (12000, 0.972, 15000)
(13000, 1, 13000), (13000, 0.983, 15000)
(14000, 1, 14000), (14000, 0.99, 15000)


Accelerate Go Flaps Up >= 10K

OAT, PA
(-35, 10000, 2900), (12, 10000, 4000), (32, 10000, 6300)
(-37, 11000, 3100), (9, 11000, 4200), (30, 11000, 6900)
(-39, 12000, 3300), (6, 12000, 4500), (28, 12000, 7700)
(-41, 13000, 3500), (3, 13000, 4700), (26, 13000, 8700)
(-43, 14000, 3700), (-1, 14000, 5000), (24, 14000, 10500)

Weight
(2000, 9000, 2000), (2000, 11300, 2600), (2000, 12500, 3800)
(3000, 9000, 3000), (3000, 11300, 4100), (3000, 12500, 5800)
(4000, 9000, 4000), (4000, 11300, 5550), (4000, 12500, 8100)
(5000, 9000, 5000), (5000, 11300, 6900), (5000, 12500, 10550)
(6000, 9000, 6000), (6000, 11300, 8600), (6000, 12500, 13700)
(7000, 9000, 7000), (7000, 11300, 10400), (7000, 12100, 15000)
(8000, 9000, 8000), (7000, 11300, 12300), (8000, 11700, 15000)
(9000, 9000, 9000), (8000, 11300, 14800), (9000, 11300, 15000)
(10000, 9000, 10000), (10000, 10800, 15000)
(11000, 9000, 11000), (11000, 10350, 15000)

Slope
(2000, -2, 1800), (2000, 0, 2000), (2000, 2, 2300)
(3000, -2, 2600), (3000, 0, 3000), (3000, 2, 3700)
(4000, -2, 3400), (4000, 0, 4000), (4000, 2, 5200)
(5000, -2, 4200), (5000, 0, 5000), (5000, 2, 7200)
(6000, -2, 4800), (6000, 0, 6000), (6000, 2, 9500)
(7000, -2, 5500), (7000, 0, 7000), (7000, 2, 13200)
(8000, -2, 6200), (8000, 0, 8000), (8000, 1.5, 14000)
(9000, -2, 6800), (9000, 0, 9000), (9000, 1.2, 14000)
(10000, -2, 7200), (10000, 0, 10000), (10000, 0.8, 14000)
(11000, -2, 7800), (11000, 0, 11000), (11000, 0.55, 14000)
(12000, -2, 8300), (12000, 0, 12000), (12000, 0.25, 14000)
(13000, -2, 8700), (13000, 0, 13000), (13000, 0.1, 14000)
(14000, -2, 9050), (14000, 0, 14000)

Wind
(1000, -10, 1300), (1000, 0, 1000)
(2000, -10, 2450), (2000, 0, 2000), (2000, 30, 1600)
(3000, -10, 3600), (3000, 0, 3000), (3000, 30, 2400)
(4000, -10, 4800), (4000, 0, 4000), (4000, 30, 3300)
(5000, -10, 5950), (5000, 0, 5000), (5000, 30, 4200)
(6000, -10, 7100), (6000, 0, 6000), (6000, 30, 5050)
(7000, -10, 8200), (7000, 0, 7000), (7000, 30, 5950)
(8000, -10, 9400), (8000, 0, 8000), (8000, 30, 6800)
(9000, -10, 10500), (9000, 0, 9000), (9000, 30, 7700)
(10000, -10, 11600), (10000, 0, 10000), (10000, 30, 8600)
(11000, -10, 12750), (11000, 0, 11000), (11000, 30, 9500)
(12000, -10, 13900), (12000, 0, 12000), (12000, 30, 10400)
(13000, -10, 15000), (13000, 0, 13000), (13000, 30, 11200)
(14000, -5, 15000), (14000, 0, 14000), (14000, 30, 12100)

V1/VR
(1000, 1, 1000), (1000, 0.85, 1250)
(2000, 1, 2000), (2000, 0.85, 2900)
(3000, 1, 3000), (3000, 0.85, 4600)
(4000, 1, 4000), (4000, 0.85, 6350)
(5000, 1, 5000), (5000, 0.85, 8150)
(6000, 1, 6000), (6000, 0.85, 10050)
(7000, 1, 7000), (7000, 0.85, 12000)
(8000, 1, 8000), (8000, 0.85, 13900)
(9000, 1, 9000), (9000, 0.87, 15000)
(10000, 1, 10000), (10000, 0.925, 15000)
(11000, 1, 11000), (11000, 0.957, 15000)
(12000, 1, 12000), (12000, 0.975, 15000)
(13000, 1, 13000), (13000, 0.988, 15000)
(14000, 1, 14000), (14000, 0.995, 15000)


Accelerate Stop Flaps Approach Dry

OAT, PA
(-12.5, -1000, 3150), (46, -1000, 4000), (54, -1000, 4200)
(-15, 0, 3200), (45, 0, 4200), (52, 0, 4400)
(-19, 2000, 3450), (40, 2000, 4500), (48, 2000, 4800)
(-23, 4000, 3700), (33, 4000, 4800), (44, 4000, 5200)
(-27, 6000, 4000), (28, 6000, 5200), (40, 6000, 5800)
(-30, 8000, 4250), (21, 8000, 5500), (36, 8000, 6300)
(-35, 10000, 4600), (15, 10000, 6000), (32, 10000, 7000)
(-40, 12000, 5000), (5, 12000, 6400), (28, 12000, 7800)
(-44, 14000, 5450), (-2.5, 14000, 6900), (24, 14000, 8900)

Weight
(3000, 12500, 3000), (3000, 9000, 2700)
(4000, 12500, 4000), (4000, 9000, 3500)
(5000, 12500, 5000), (5000, 9000, 4300)
(6000, 12500, 6000), (6000, 9000, 5100)
(7000, 12500, 7000), (7000, 9000, 5800)
(8000, 12500, 8000), (8000, 9000, 6600)
(9000, 12500, 9000), (9000, 9000, 7300)

Slope
(2000, -2, 2100), (2000, 0, 2000), (2000, 2, 1900)
(3000, -2, 3100), (3000, 0, 3000), (3000, 2, 2950)
(4000, -2, 4100), (4000, 0, 4000), (4000, 2, 4050)
(5000, -2, 5100), (5000, 0, 5000), (5000, 2, 5100)
(6000, -2, 6050), (6000, 0, 6000), (6000, 2, 6100)
(7000, -2, 6950), (7000, 0, 7000), (7000, 2, 7300)
(8000, -2, 7700), (8000, 0, 8000), (8000, 2, 8500)
(9000, -2, 8500), (9000, 0, 9000), (9000, 2, 9650)

Wind
(2000, -10, 2750), (2000, 0, 2000), (2000, 30, 1400)
(3000, -10, 3950), (3000, 0, 3000), (3000, 30, 2200)
(4000, -10, 5200), (4000, 0, 4000), (4000, 30, 3050)
(5000, -10, 6350), (5000, 0, 5000), (5000, 30, 3900)
(6000, -10, 7500), (6000, 0, 6000), (6000, 30, 4750)
(7000, -10, 8650), (7000, 0, 7000), (7000, 30, 5600)
(8000, -10, 9800), (8000, 0, 8000), (8000, 30, 6400)
(9000, -10, 11000), (9000, 0, 9000), (9000, 30, 7200)
(10000, -10, 12150), (10000, 0, 10000), (10000, 30, 8000)

V1/VR
(1000, 1, 1000), (1000, 0.85, 500)
(2000, 1, 2000), (2000, 0.85, 1600)
(3000, 1, 3000), (3000, 0.85, 2200)
(4000, 1, 4000), (4000, 0.85, 3050)
(5000, 1, 5000), (5000, 0.85, 3800)
(6000, 1, 6000), (6000, 0.85, 4500)
(7000, 1, 7000), (7000, 0.85, 5200)
(8000, 1, 8000), (8000, 0.85, 5900)
(9000, 1, 9000), (9000, 0.85, 6600)
(10000, 1, 10000), (10000, 0.85, 7200)
(11000, 1, 11000), (11000, 0.85, 7850)
(12000, 1, 12000), (12000, 0.85, 8500)


Accelerate Stop Flaps Approach Wet

OAT, PA
(-12.5, -1000, 4700), (48, -1000, 5900), (54, -1000, 6100)
(-15, 0, 4800), (44, 0, 6100), (52, 0, 6400)
(-20, 2000, 5200), (40, 2000, 6550), (48, 2000, 7000)
(-24, 4000, 5500), (32, 4000, 7000), (44, 4000, 7550)
(-28, 6000, 5800), (28, 6000, 7500), (40, 6000, 8300)
(-32, 8000, 6300), (22, 8000, 8000), (36, 8000, 9050)
(-35, 10000, 6800), (16, 10000, 8700), (31, 10000, 10000)
(-39, 12000, 7300), (6, 12000, 9150), (28, 12000, 11050)
(-44, 14000, 7950), (0, 14000, 9900), (25, 14000, 12500)

Weight
(4000, 12500, 4000), (4000, 9000, 3700)
(5000, 12500, 5000), (5000, 9000, 4600)
(6000, 12500, 6000), (6000, 9000, 5400)
(7000, 12500, 7000), (7000, 9000, 6250)
(8000, 12500, 8000), (8000, 9000, 7100)
(9000, 12500, 9000), (9000, 9000, 7900)
(10000, 12500, 10000), (10000, 9000, 8650)
(11000, 12500, 11000), (11000, 9000, 9400)
(12000, 12500, 12000), (12000, 9000, 10200)

Slope
(4000, -2, 4500), (4000, 0, 4000), (4000, 2, 3700)
(5000, -2, 5600), (5000, 0, 5000), (5000, 2, 4700)
(6000, -2, 6650), (6000, 0, 6000), (6000, 2, 5700)
(7000, -2, 7700), (7000, 0, 7000), (7000, 2, 6700)
(8000, -2, 8800), (8000, 0, 8000), (8000, 2, 7700)
(9000, -2, 9800), (9000, 0, 9000), (9000, 2, 8800)
(10000, -2, 10750), (10000, 0, 10000), (10000, 2, 9800)
(11000, -2, 11600), (11000, 0, 11000), (11000, 2, 10800)
(12000, -2, 12500), (12000, 0, 12000), (12000, 2, 11850)

Wind
(3000, -10, 3950), (3000, 0, 3000), (3000, 30, 2000)
(4000, -10, 5300), (4000, 0, 4000), (4000, 30, 2850)
(5000, -10, 6700), (5000, 0, 5000), (5000, 30, 3700)
(6000, -10, 7900), (6000, 0, 6000), (6000, 30, 4550)
(7000, -10, 9000), (7000, 0, 7000), (7000, 30, 5400)
(8000, -10, 10200), (8000, 0, 8000), (8000, 30, 6300)
(9000, -10, 11400), (9000, 0, 9000), (9000, 30, 7100)
(10000, -10, 12500), (10000, 0, 10000), (10000, 30, 7900)
(11000, -10, 13600), (11000, 0, 11000), (11000, 30, 8700)
(12000, -7, 14000), (12000, 0, 12000), (12000, 30, 9500)
(13000, -3, 14000), (13000, 0, 13000), (13000, 30, 10300)

V1/VR
(2000, 1, 2000), (2000, 0.85, 1200)
(3000, 1, 3000), (3000, 0.85, 2050)
(4000, 1, 4000), (4000, 0.85, 2900)
(5000, 1, 5000), (5000, 0.85, 3600)
(6000, 1, 6000), (6000, 0.85, 4600)
(7000, 1, 7000), (7000, 0.85, 5200)
(8000, 1, 8000), (8000, 0.85, 6050)
(9000, 1, 9000), (9000, 0.85, 6800)
(10000, 1, 10000), (10000, 0.85, 7500)
(11000, 1, 11000), (11000, 0.85, 8250)
(12000, 1, 12000), (12000, 0.85, 9000)
(13000, 1, 13000), (13000, 0.85, 9700)
(14000, 1, 14000), (14000, 0.85, 10200)


Accelerate Go Flaps Approach < 10K

OAT, PA
(-14, -1000, 3000), (50, -1000, 4350), (54, -1000, 4800)
(-15, 0, 3100), (44, 0, 4400), (52, 0, 5700)
(-20, 2000, 3400), (36, 2000, 4850), (47, 2000, 6800)
(-24, 4000, 3800), (31, 4000, 5400), (44, 4000, 8400)
(-27, 6000, 4200), (25, 6000, 6050), (40, 6000, 12700)
(-32, 8000, 4600), (20, 8000, 6900), (32, 8000, 15000)
(-35, 10000, 5200), (12, 10000, 7800), (24, 10000, 15000)

Weight
(3000, 12500, 3000), (3000, 11750, 2700), (3000, 9000, 1800)
(4000, 12500, 4000), (4000, 11750, 3500), (4000, 9000, 2400)
(5000, 12500, 5000), (5000, 11750, 4400), (5000, 9000, 2800)
(6000, 12500, 6000), (6000, 11750, 5150), (6000, 9000, 3400)
(7000, 12500, 7000), (7000, 11750, 5900), (7000, 9000, 3800)
(8000, 12500, 8000), (8000, 11750, 6600), (8000, 9000, 4300)
(9000, 12500, 9000), (9000, 11750, 7300), (9000, 9000, 4650)
(10000, 12500, 10000), (10000, 11750, 8000), (10000, 9000, 5000)
(11000, 12500, 11000), (11000, 11750, 8400), (11000, 9000, 5100)
(12000, 12500, 12000), (12000, 11750, 8900), (12000, 9000, 5200)
(13000, 12500, 13000), (13000, 11750, 9200), (13000, 9000, 5450)
(14000, 12500, 14000), (14000, 11750, 9500), (14000, 9000, 5600)

Slope
(2000, -2, 1750), (2000, 0, 2000), (2000, 2, 2400)
(3000, -2, 2500), (3000, 0, 3000), (3000, 2, 4000)
(4000, -2, 3200), (4000, 0, 4000), (4000, 2, 6200)
(5000, -2, 4000), (5000, 0, 5000), (5000, 2, 10200)
(6000, -2, 4700), (6000, 0, 6000), (6000, 1.5, 12400)
(7000, -2, 5300), (7000, 0, 7000), (7000, 1, 12800)
(8000, -2, 5800), (8000, 0, 8000), (8000, 0.7, 13200)
(9000, -2, 6200), (9000, 0, 9000), (9000, 0.5, 13400)
(10000, -2, 6600), (10000, 0, 10000), (10000, 0.25, 13600)
(11000, -2, 7200), (11000, 0, 11000)
(12000, -2, 7600), (12000, 0, 12000)

Wind
(1000, -10, 1300), (1000, 0, 1000)
(2000, -10, 2500), (2000, 0, 2000), (2000, 30, 1600)
(3000, -10, 3650), (3000, 0, 3000), (3000, 30, 2400)
(4000, -10, 5800), (4000, 0, 4000), (4000, 30, 3300)
(5000, -10, 6000), (5000, 0, 5000), (5000, 30, 4200)
(6000, -10, 7100), (6000, 0, 6000), (6000, 30, 5050)
(7000, -10, 8250), (7000, 0, 7000), (7000, 30, 5900)
(8000, -10, 9400), (8000, 0, 8000), (8000, 30, 6800)
(9000, -10, 10600), (9000, 0, 9000), (9000, 30, 7700)
(10000, -10, 11700), (10000, 0, 10000), (10000, 30, 8550)
(11000, -10, 12900), (11000, 0, 11000), (11000, 30, 9450)
(12000, -10, 14050), (12000, 0, 12000), (12000, 30, 10300)
(13000, -8.5, 15000), (13000, 0, 13000), (13000, 30, 11200)
(14000, -4, 15000), (14000, 0, 14000), (14000, 30, 12050)

V1/VR
(1000, 1, 1000), (1000, 0.85, 1200)
(2000, 1, 2000), (2000, 0.85, 2800)
(3000, 1, 3000), (3000, 0.85, 4400)
(4000, 1, 4000), (4000, 0.85, 6050)
(5000, 1, 5000), (5000, 0.85, 7700)
(6000, 1, 6000), (6000, 0.85, 9350)
(7000, 1, 7000), (7000, 0.85, 11000)
(8000, 1, 8000), (8000, 0.85, 12600)
(9000, 1, 9000), (9000, 0.85, 14200)
(10000, 1, 10000), (10000, 0.879, 15000)
(11000, 1, 11000), (11000, 0.92, 15000)
(12000, 1, 12000), (12000, 0.96, 15000)
(13000, 1, 13000), (13000, 0.972, 15000)
(14000, 1, 14000), (14000, 0.988, 15000)


Accelerate Go Flaps Approach >= 10K

OAT, PA
(-35, 10000, 3000), (12.5, 10000, 4200), (32, 10000, 6700)
(-36, 11000, 3100), (10, 11000, 4500), (31, 11000, 7600)
(-38, 12000, 3350), (5, 12000, 4700), (28, 12000, 8600)
(-41, 13000, 3600), (1.5, 13000, 4900), (26, 13000, 10100)
(-44, 14000, 3800), (-1, 14000, 5200), (22, 14000, 11400)

Weight
(2000, 9000, 2000), (2000, 12500, 3300)
(3000, 9000, 3000), (3000, 12500, 5300)
(4000, 9000, 4000), (4000, 11500, 6000), (4000, 12500, 7700)
(5000, 9000, 5000), (5000, 11700, 8600), (5000, 12500, 13950)
(6000, 9000, 6000), (6000, 11300, 10000), (6000, 11900, 15000)
(7000, 9000, 7000), (7000, 10800, 10600), (7000, 11400, 15000)
(8000, 9000, 8000), (8000, 10300, 11000), (8000, 10900, 15000)
(9000, 9000, 9000), (9000, 10000, 11800), (9000, 10600, 15000)
(10000, 9000, 10000), (10000, 9800, 12600), (10000, 10400, 15000)
(11000, 9000, 11000), (11000, 9500, 12900), (11000, 9875, 15000)
(12000, 9000, 12000), (12000, 9350, 13600), (12000, 9600, 15000)
(13000, 9000, 13000), (13000, 9400, 15000)

Slope
(2000, -2, 1800), (2000, 0, 2000), (2000, 2, 2400)
(3000, -2, 2500), (3000, 0, 3000), (3000, 2, 4000)
(4000, -2, 3100), (4000, 0, 4000), (4000, 2, 6200)
(5000, -2, 4000), (5000, 0, 5000), (5000, 2, 10200)
(6000, -2, 4800), (6000, 0, 6000), (6000, 1.5, 12400)
(7000, -2, 5300), (7000, 0, 7000), (7000, 1, 12800)
(8000, -2, 5750), (8000, 0, 8000), (8000, 0.7, 13200)
(9000, -2, 6200), (9000, 0, 9000), (9000, 0.5, 13500)
(10000, -2, 6600), (10000, 0, 10000), (10000, 0.3, 13600)
(11000, -2, 7200), (11000, 0, 11000)
(12000, -2, 7600), (12000, 0, 12000)

Wind
(1000, -10, 1300), (1000, 0, 1000)
(2000, -10, 2500), (2000, 0, 2000), (2000, 30, 1600)
(3000, -10, 3650), (3000, 0, 3000), (3000, 30, 2400)
(4000, -10, 4800), (4000, 0, 4000), (4000, 30, 3300)
(5000, -10, 6000), (5000, 0, 5000), (5000, 30, 4200)
(6000, -10, 7150), (6000, 0, 6000), (6000, 30, 5050)
(7000, -10, 8300), (7000, 0, 7000), (7000, 30, 5900)
(8000, -10, 9400), (8000, 0, 8000), (8000, 30, 6800)
(9000, -10, 10600), (9000, 0, 9000), (9000, 30, 7700)
(10000, -10, 11700), (10000, 0, 10000), (10000, 30, 8600)
(11000, -10, 12900), (11000, 0, 11000), (11000, 30, 9400)
(12000, -10, 14050), (12000, 0, 12000), (12000, 30, 10300)
(13000, -8.5, 15000), (13000, 0, 13000), (13000, 30, 11200)
(14000, -4, 14050), (14000, 0, 14000), (14000, 30, 12050)

V1/VR
(1000, 1, 1000), (1000, 0.85, 1200)
(2000, 1, 2000), (2000, 0.85, 2800)
(3000, 1, 3000), (3000, 0.85, 4400)
(4000, 1, 4000), (4000, 0.85, 6000)
(5000, 1, 5000), (5000, 0.85, 7700)
(6000, 1, 6000), (6000, 0.85, 9350)
(7000, 1, 7000), (7000, 0.85, 11000)
(8000, 1, 8000), (8000, 0.85, 12600)
(9000, 1, 9000), (9000, 0.85, 14200)
(10000, 1, 10000), (10000, 0.879, 15000)
(11000, 1, 11000), (11000, 0.92, 15000)
(12000, 1, 12000), (12000, 0.96, 15000)
(13000, 1, 13000), (13000, 0.97, 15000)
(14000, 1, 14000), (14000, 0.988, 15000)


Landing Distance No Rev Flaps Down Dry

OAT, PA
(-15, 0, 2550), (52, 0, 3200)
(-19.5, 2000, 2700), (48, 2000, 3450)
(-23, 4000, 2850), (44, 4000, 3650)
(-28, 6000, 3050), (40, 6000, 3900)
(-31, 8000, 3200), (37, 8000, 4200)
(-35, 10000, 3400), (32, 10000, 4500)

Weight
(2500, 12500, 2500), (2500, 9000, 2000)
(2750, 12500, 2750), (2750, 9000, 2200)
(3000, 12500, 3000), (3000, 9000, 2400)
(3250, 12500, 3250), (3250, 9000, 2600)
(3500, 12500, 3500), (3500, 9000, 2800)
(3750, 12500, 3750), (3750, 9000, 2950)
(4000, 12500, 4000), (4000, 9000, 3150)
(4250, 12500, 4250), (4250, 9000, 3300)
(4500, 12500, 4500), (4500, 9000, 3500)

Runway Gradient
(2000, 2, 1800), (2000, 0, 2000), (2000, -2, 2300)
(2400, 2, 2150), (2400, 0, 2400), (2400, -2, 2750)
(2800, 2, 2500), (2800, 0, 2800), (2800, -2, 3200)
(3150, 2, 2850), (3150, 0, 3150), (3150, -2, 3600)
(3500, 2, 3200), (3500, 0, 3500), (3500, -2, 4050)
(3800, 2, 3500), (3800, 0, 3800), (3800, -2, 4500)
(4300, 2, 3900), (4300, 0, 4300), (4300, -2, 4900)
(4650, 2, 4200), (4650, 0, 4650), (4650, -2, 5300)

Wind
(1800, -10, 2400), (1800, 0, 1800), (1800, 30, 1300)
(2300, -10, 3200), (2300, 0, 2300), (2300, 30, 1750)
(2850, -10, 3750), (2850, 0, 2850), (2850, 30, 2200)
(3400, -10, 4400), (3400, 0, 3400), (3400, 30, 2600)
(3900, -10, 5000), (3900, 0, 3900), (3900, 30, 3100)
(4400, -10, 5600), (4400, 0, 4400), (4400, 30, 3500)
(5000, -10, 6200), (5000, 0, 5000), (5000, 30, 3900)
(5500, -10, 6600), (5500, 0, 5500), (5500, 30, 4300)

Obstacle
(1300, 50, 1300), (1300, 0, 800)
(1850, 50, 1850), (1850, 0, 1200)
(2400, 50, 2400), (2400, 0, 1650)
(2950, 50, 2950), (2950, 0, 2100)
(3500, 50, 3500), (3500, 0, 2450)
(4050, 50, 4050), (4050, 0, 2750)
(4600, 50, 4600), (4600, 0, 3050)
(5150, 50, 5150), (5150, 0, 3300)
(5700, 50, 5700), (5700, 0, 3500)
(6250, 50, 6250), (6250, 0, 3750)
(6700, 50, 6700), (6700, 0, 4000)


Landing Distance No Rev Flaps Down Wet

OAT, PA
(-15, 0, 3600), (52, 0, 4600)
(-19, 2000, 3800), (48, 2000, 4850)
(-23, 4000, 4100), (44, 4000, 5200)
(-27, 6000, 4300), (40, 6000, 5500)
(-31, 8000, 4550), (36, 8000, 5900)
(-35, 10000, 4900), (32, 10000, 6300)

Weight
(3600, 12500, 3600), (3600, 9000, 2950)
(3950, 12500, 3950), (3950, 9000, 3200)
(4300, 12500, 4300), (4300, 9000, 3500)
(4650, 12500, 4650), (4650, 9000, 3750)
(5000, 12500, 5000), (5000, 9000, 4000)
(5350, 12500, 5350), (5350, 9000, 4300)
(5700, 12500, 5700), (5700, 9000, 4550)
(6050, 12500, 6050), (6050, 9000, 4800)
(6400, 12500, 6400), (6400, 9000, 5100)

Slope
(2900, 0, 2900), (2900, 2, 2500), (2900, -2, 3450)
(3400, 0, 3400), (3400, 2, 3000), (3400, -2, 4000)
(3900, 0, 3900), (3900, 2, 3400), (3900, -2, 4600)
(4400, 0, 4400), (4400, 2, 3850), (4400, -2, 5200)
(4900, 0, 4900), (4900, 2, 4300), (4900, -2, 5800)
(5400, 0, 5400), (5400, 2, 4700), (5400, -2, 6450)
(5900, 0, 5900), (5900, 2, 5200), (5900, -2, 7000)
(6400, 0, 6400), (6400, 2, 5600), (6400, -2, 7600)

Wind
(2500, 0, 2500), (2500, -10, 3400), (2500, 30, 1800)
(3200, 0, 3200), (3200, -10, 4350), (3200, 30, 2400)
(3950, 0, 3950), (3950, -10, 5300), (3950, 30, 3000)
(4700, 0, 4700), (4700, -10, 6150), (4700, 30, 3600)
(5400, 0, 5400), (5400, -10, 7000), (5400, 30, 4200)
(6150, 0, 6150), (6150, -10, 7800), (6150, 30, 4800)
(6850, 0, 6850), (6850, -10, 8650), (6850, 30, 5350)
(7600, 0, 7600), (7600, -10, 9450), (7600, 30, 5900)

Obstacle
(1800, 50, 1800), (1800, 0, 1300)
(2600, 50, 2600), (2600, 0, 1950)
(3400, 50, 3400), (3400, 0, 2650)
(4200, 50, 4200), (4200, 0, 3400)
(5000, 50, 5000), (5000, 0, 3950)
(5800, 50, 5800), (5800, 0, 4500)
(6600, 50, 6600), (6600, 0, 5100)
(7400, 50, 7400), (7400, 0, 5600)
(8200, 50, 8200), (8200, 0, 6100)
(9000, 50, 9000), (9000, 0, 6550)
(9800, 50, 9800), (9800, 0, 7000)


Landing Distance No Rev Flaps Up Dry

Flaps Down, Flaps up (over 50' Obstacle)
(1300, 1900), (3800, 5400)
(3800, 5400), (6500, 8300)


Landing Distance No Rev Flaps Up Wet

Flaps Down, Flaps Up (over 50' Obstacle)
(1800, 2800), (5500, 8600)
(5500, 8600), (9300, 13050)


Landing Distance With Rev Flaps Down Dry

OAT, PA
(-15, 0, 1850), (52, 0, 2350)
(-19, 2000, 1975), (48, 2000, 2500)
(-23, 4000, 2100), (44, 4000, 2700)
(-27, 6000, 2225), (40, 6000, 2900)
(-31, 8000, 2350), (36, 8000, 3100)
(-35, 10000, 2525), (32, 10000, 3325)

Weight
(1800, 12500, 1800), (1800, 9000, 1450)
(2000, 12500, 2000), (2000, 9000, 1600)
(2200, 12500, 2200), (2200, 9000, 1725)
(2400, 12500, 2400), (2400, 9000, 1875)
(2600, 12500, 2600), (2600, 9000, 2000)
(2800, 12500, 2800), (2800, 9000, 2150)
(3000, 12500, 3000), (3000, 9000, 2300)
(3200, 12500, 3200), (3200, 9000, 2425)
(3400, 12500, 3400), (3400, 9000, 2575)

Slope
(1400, 0, 1400), (1400, 2, 1300), (1400, -2, 1550)
(1700, 0, 1700), (1700, 2, 1575), (1700, -2, 1875)
(2000, 0, 2000), (2000, 2, 1750), (2000, -2, 2200)
(2300, 0, 2300), (2300, 2, 2150), (2300, -2, 2550)
(2600, 0, 2600), (2600, 2, 2425), (2600, -2, 2375)
(2900, 0, 2900), (2900, 2, 2700), (2900, -2, 3200)
(3200, 0, 3200), (3200, 2, 2975), (3200, -2, 3525)
(3500, 0, 3500), (3500, 2, 3250), (3500, -2, 3850)

Wind
(1300, 0, 1300), (1300, -10, 1750), (1300, 30, 950)
(1675, 0, 1675), (1675, -10, 2200), (1675, 30, 1250)
(2050, 0, 2050), (2050, -10, 2650), (2050, 30, 1575)
(2425, 0, 2425), (2425, -10, 3100), (2425, 30, 1900)
(2800, 0, 2800), (2800, -10, 3550), (2800, 30, 2225)
(3175, 0, 3175), (3175, -10, 3975), (3175, 30, 2525)
(3550, 0, 3550), (3550, -10, 4400), (3550, 30, 2800)
(3425, 0, 3425), (3425, -10, 4800), (3425, 30, 3100)

Obstacle
(900, 50, 900), (900, 0, 450)
(1300, 50, 1300), (1300, 0, 750)
(1700, 50, 1700), (1700, 0, 1050)
(2100, 50, 2100), (2100, 0, 1300)
(2500, 50, 2500), (2500, 0, 1550)
(2900, 50, 2900), (2900, 0, 1775)
(3300, 50, 3300), (3300, 0, 1950)
(3700, 50, 3700), (3700, 0, 2075)
(4100, 50, 4100), (4100, 0, 2200)
(4500, 50, 4500), (4500, 0, 2325)
(4900, 50, 4900), (4900, 0, 2450)


Landing Distance With Rev Flaps Down Wet

OAT, PA
(-15, 0, 2700), (52, 0, 3400)
(-19, 2000, 2850), (48, 2000, 3650)
(-23, 4000, 3025), (44, 4000, 3900)
(-27, 6000, 3200), (40, 6000, 4150)
(-31, 8000, 3425), (36, 8000, 4450)
(-35, 1000, 3650), (32, 10000, 4750)

Weight
(2700, 12500, 2700), (2700, 9000, 2200)
(2975, 12500, 2975), (2975, 9000, 2400)
(3250, 12500, 3250), (3250, 9000, 2600)
(3525, 12500, 3525), (3525, 9000, 2800)
(3800, 12500, 3800), (3800, 9000, 3000)
(4075, 12500, 4075), (4075, 9000, 3200)
(4350, 12500, 4350), (4350, 9000, 3400)
(4625, 12500, 4625), (4625, 9000, 3600)
(4400, 12500, 4400), (4400, 9000, 3800)

Slope
(2100, 0, 2100), (2100, 2, 1900), (2100, -2, 2350)
(2500, 0, 2500), (2500, 2, 2275), (2500, -2, 2825)
(2900, 0, 2900), (2900, 2, 2650), (2900, -2, 3275)
(3300, 0, 3300), (3300, 2, 3000), (3300, -2, 3725)
(3700, 0, 3700), (3700, 2, 3350), (3700, -2, 4200)
(4100, 0, 4100), (4100, 2, 3725), (4100, -2, 4625)
(4500, 0, 4500), (4500, 2, 4100), (4500, -2, 5050)
(4900, 0, 4900), (4900, 2, 4475), (4900, -2, 5500)

Wind
(1950, 0, 1950), (1950, -10, 2650), (1950, 30, 1400)
(2450, 0, 2450), (2450, -10, 3325), (2450, 30, 1825)
(3000, 0, 3000), (3000, -10, 3975), (3000, 30, 2275)
(3500, 0, 3500), (3500, -10, 4575), (3500, 30, 2725)
(4050, 0, 4050), (4050, -10, 5200), (4050, 30, 3175)
(4600, 0, 4600), (4600, -10, 5800), (4600, 30, 3600)
(5100, 0, 5100), (5100, -10, 6375), (5100, 30, 4000)
(5625, 0, 5625), (5625, -10, 7000), (5625, 30, 4375)

Obstacle
(1400, 50, 1400), (1400, 0, 925)
(1950, 50, 1950), (1950, 0, 1400)
(2500, 50, 2500), (2500, 0, 1825)
(3050, 50, 3050), (3050, 0, 2300)
(3600, 50, 3600), (3600, 0, 2675)
(4150, 50, 4150), (4150, 0, 3050)
(4700, 50, 4700), (4700, 0, 3425)
(5250, 50, 5250), (5250, 0, 3750)
(5800, 50, 5800), (5800, 0, 4050)
(6350, 50, 6350), (6350, 0, 4325)
(6900, 50, 6900), (6900, 0, 4600)


Landing Distance With Rev Flaps Up Dry

Flaps Down, Flaps Up (over 50' Obstacle)
(900, 1350), (2250, 3050)
(2250, 3050), (4600, 5450)


Landing Distance With Rev Flaps Up Wet

Flaps Down, Flaps Up (over 50' Obstacle)
(1400, 2000), (4000, 5700)
(4000, 5700), (6750, 8600)


Landing Distance No Rev Flaps Approach Dry

OAT, PA
(-35, 0, 2050), (52, 0, 2675)
(-39, 2000, 2150), (48, 2000, 2825)
(-43, 4000, 2250), (44, 4000, 2975)
(-47, 6000, 2375), (40, 6000, 3125)
(-51, 8000, 2525), (36, 8000, 3350)
(-55, 10000, 2750), (32, 10000, 3675)

Weight
(1900, 12500, 1900), (1900, 9000, 1750)
(2250, 12500, 2250), (2250, 9000, 2050)
(2600, 12500, 2600), (2600, 9000, 2375)
(2950, 12500, 2950), (2950, 9000, 2700)
(3300, 12500, 3300), (3300, 9000, 3000)
(3650, 12500, 3650), (3650, 9000, 3325)

Slope
(1700, 0, 1700), (1700, 2, 1525), (1700, -2, 1950)
(2100, 0, 2100), (2100, 2, 1875), (2100, -2, 2425)
(2500, 0, 2500), (2500, 2, 2250), (2500, -2, 2925)
(2900, 0, 2900), (2900, 2, 2575), (2900, -2, 3400)
(3300, 0, 3300), (3300, 2, 2950), (3300, -2, 3900)
(3700, 0, 3700), (3700, 2, 3300), (3700, -2, 4400)

Wind
(1500, 0, 1500), (1500, -10, 1900), (1500, 30, 1100)
(2050, 0, 2050), (2050, -10, 2650), (2050, 30, 1600)
(2600, 0, 2600), (2600, -10, 3350), (2600, 30, 2100)
(3150, 0, 3150), (3150, -10, 3950), (3150, 30, 2575)
(3700, 0, 3700), (3700, -10, 4600), (3700, 30, 3050)
(4250, 0, 4250), (4250, -10, 5200), (4250, 30, 3550)

Obstacle
(1000, 50, 1000), (1000, 0, 550)
(1500, 50, 1500), (1500, 0, 975)
(2000, 50, 2000), (2000, 0, 1400)
(2500, 50, 2500), (2500, 0, 1825)
(3000, 50, 3000), (3000, 0, 2250)
(3500, 50, 3500), (3500, 0, 2700)
(4000, 50, 4000), (4000, 0, 3100)
(4500, 50, 4500), (4500, 0, 3525)
(5000, 50, 5000), (5000, 0, 3375)


Landing Distance With Rev Flaps Approach Dry

OAT, PA
(-35, 0, 1775), (52, 0, 2425)
(-39, 2000, 1950), (48, 2000, 2550)
(-43, 4000, 2050), (44, 4000, 2700)
(-47, 6000, 2150), (40, 6000, 2825)
(-51, 8000, 2300), (36, 8000, 3000)
(-55, 10000, 2500), (32, 10000, 3300)

Weight
(1700, 12500, 1700), (1700, 9000, 1550)
(2000, 12500, 2000), (2000, 9000, 1825)
(2300, 12500, 2300), (2300, 9000, 2100)
(2600, 12500, 2600), (2600, 9000, 2375)
(2900, 12500, 2900), (2900, 9000, 2650)
(3200, 12500, 3200), (3200, 9000, 2925)

Slope
(1600, 0, 1600), (1600, 2, 1450), (1600, -2, 1850)
(1950, 0, 1950), (1950, 2, 1750), (1950, -2, 2250)
(2300, 0, 2300), (2300, 2, 2050), (2300, -2, 2700)
(2650, 0, 2650), (2650, 2, 2375), (2650, -2, 3150)
(3000, 0, 3000), (3000, 2, 2675), (3000, -2, 3550)
(3350, 0, 3350), (3350, 2, 3000), (3350, -2, 4000)

Wind
(1500, 0, 1500), (1500, -10, 1975), (1500, 30, 1150)
(2050, 0, 2050), (2050, -10, 2625), (2050, 30, 1650)
(2600, 0, 2600), (2600, -10, 3250), (2600, 30, 2125)
(3150, 0, 3150), (3150, -10, 3900), (3150, 30, 2625)
(3700, 0, 3700), (3700, -10, 4550), (3700, 30, 3100)
(4250, 0, 4250), (4250, -10, 5000), (4250, 30, 3550)

Obstacle
(1000, 50, 1000), (1000, 0, 525)
(1500, 50, 1500), (1500, 0, 950)
(2000, 50, 2000), (2000, 0, 1375)
(2500, 50, 2500), (2500, 0, 1800)
(3000, 50, 3000), (3000, 0, 2225)
(3500, 50, 3500), (3500, 0, 2625)
(4000, 50, 4000), (4000, 0, 3050)
(4500, 50, 4500), (4500, 0, 3425)


Climb One Engine Inop

OAT, PA
(-15, 0, 750), (43, 0, 550), (52, 0, 410)
(-19, 2000, 730), (38, 2000, 520), (48, 2000, 370)
(-23, 4000, 710), (32, 4000, 500), (44, 4000, 330)
(-27, 6000, 680), (27, 6000, 480), (40, 6000, 280)
(-31, 8000, 660), (20, 8000, 460), (36, 8000, 230)
(-35, 10000, 640), (14, 10000, 440), (32, 10000, 170)
(-39, 12000, 600), (7, 12000, 420), (28, 12000, 100)
(-43, 14000, 570), (-1, 14000, 400), (24, 14000, 40)
(-47, 16000, 530), (-8, 16000, 380), (20, 16000, -30)
(-51, 18000, 500), (-17, 18000, 360), (16.5, 18000, -100)
(-54, 20000, 460), (-25, 20000, 320), (12.5, 20000, -170)
(-54, 22000, 380), (-28.5, 22000, 210), (8.5, 22000, -230)
(-54, 24000, 250), (-32.5, 24000, 100), (4.5, 24000, -290)
(-54, 26000, 100), (-36.5, 26000, 0), (-5.5, 26000, -310)
(-54, 28000, -30), (-40.5, 28000, -120), (-9.5, 28000, -410)
(-54, 30000, -160), (-44.5, 30000, -220), (-13.5, 30000, -520)
(-54, 32000, -320), (-48, 32000, -350), (-17.5, 32000, -610)

Weight
(-800, 12500, -800), (-800, 9000, -520)
(-600, 12500, -600), (-600, 9000, -320)
(-400, 12500, -400), (-400, 9000, -80)
(-200, 12500, -200), (-200, 9000, 140)
(0, 12500, 0), (0, 9000, 380)
(200, 12500, 200), (200, 9000, 610)
(400, 12500, 400), (400, 9000, 840)
(600, 12500, 600), (600, 9000, 1120)
(800, 12500, 800), (800, 9000, 1360)

Stall Speeds Zero Thrust Flaps Down

Flaps Down
y = 0.0019444444x + 55.50000056

Flaps Approach
y = 0.0034722222x + 40.75000028

Flaps Up
y = 0.0038194444x + 44.12500056

Flaps AS, Aob
(55, 0, 55), (55, 30, 59), (55, 45, 65.5), (55, 60, 78)
(60, 0, 60), (60, 30, 64.5), (60, 45, 71.5), (60, 60, 85)
(65, 0, 65), (65, 30, 70), (65, 45, 77.5), (65, 60, 92)
(70, 0, 70), (70, 30, 75.5), (70, 45, 83.5), (70, 60, 99)
(75, 0, 75), (75, 30, 81), (75, 45, 89), (75, 60, 106)
(80, 0, 80), (80, 30, 86), (80, 45, 95), (80, 60, 102.5)
(85, 0, 85), (85, 30, 91), (85, 45, 101), (85, 60, 120)
(90, 0, 90), (90, 30, 96.5), (90, 45, 107), (90, 60, 127)
(95, 0, 95), (95, 30, 102), (95, 45, 113), (95, 58, 130)
